1.258925411794167143e-02 2.180207368126567644e+02 1.419594332597281436e+02 4.696658368681984825e+02 1.399924470524227900e+02 4.925630846661014175e+02
1.995262314968879180e-02 1.194330912863049434e+03 8.457624613722064169e+02 2.031642040090132923e+03 3.142317034574678587e+02 -6.632235166287863422e+02
3.162277660168379134e-02 1.294398907103825991e+02 1.059176963788322183e+02 1.663922750989999315e+02 8.740270915656694228e+01 2.493831267671899923e+02
5.011872336272723411e-02 7.994425385934816575e+01 6.830773168142238205e+01 9.635952170314877208e+01 6.009748581048146576e+01 1.193630555955820682e+02
7.943282347242815178e-02 2.499999999999999645e+01 2.351520145607140222e+01 2.668494256533795905e+01 2.245894807893613887e+01 2.818940803401509498e+01
1.258925411794167559e-01 6.549939352742730314e+00 6.413022340101401042e+00 6.692830219350021537e+00 6.364758606255747964e+00 6.746218562473528912e+00
1.995262314968880291e-01 3.194495760425354103e+00 3.152721918786431488e+00 3.237391481184081155e+00 3.143529310565076784e+00 3.247142097892357526e+00
3.162277660168379967e-01 2.277380465949267574e+00 2.247593221621725590e+00 2.307967852339471548e+00 2.245116465569459319e+00 2.310585302410002040e+00
5.011872336272723549e-01 1.890402143289724002e+00 1.858098534667653512e+00 1.923848841001506882e+00 1.857455465042901377e+00 1.924538712881937785e+00
7.943282347242816011e-01 1.985368775216676207e+00 1.945493016429616917e+00 2.026913364544040697e+00 1.945003172512748124e+00 2.027445340580880107e+00
1.258925411794167504e+00 2.398962241362569525e+00 2.347046923194455292e+00 2.453226183247593450e+00 2.346287227864126024e+00 2.454056719694416966e+00
1.995262314968880846e+00 2.965506692748797413e+00 2.888093593125112601e+00 3.047184089226716353e+00 2.887169873769516837e+00 3.048213053874648804e+00
3.162277660168380855e+00 5.177682984253576315e+00 5.009154639107098461e+00 5.357946093206649607e+00 5.005695521111409363e+00 5.361909369202084719e+00
5.011872336272724660e+00 7.928765541981862341e+00 7.561736924955154038e+00 8.333241126960860612e+00 7.556404031842999025e+00 8.339727350995348232e+00
7.943282347242816677e+00 1.226098993324240638e+01 1.148666925343727385e+01 1.314725105468882482e+01 1.147733688938978602e+01 1.315949808259653864e+01
1.258925411794167459e+01 2.818236507948196490e+01 2.554588177616558653e+01 3.142567742869441361e+01 2.547795685512702235e+01 3.152908197189191952e+01
1.995262314968880801e+01 1.476707895728056883e+03 3.138529380531550146e+02 -5.458987152080399028e+02 2.651318988872797604e+02 -4.136772254619267528e+02
3.162277660168381033e+01 1.852570209316961609e+02 1.257960662406068906e+02 3.513162777945250923e+02 1.194044476062614564e+02 4.130670036594897283e+02
5.011872336272724482e+01 2.841855415077648672e+02 1.670510287786484867e+02 9.510577025404077176e+02 1.620500428830786177e+02 1.153771890515857194e+03
7.943282347242818275e+01 inf inf inf inf inf
