1.258925411794167143e-02 nan 4.380833197044113376e+02 -3.582612917563723158e+02 2.946431789776025312e+02 -2.562444375074575760e+02
1.995262314968879180e-02 1.515171755725187950e+02 1.262085043667056539e+02 1.895221777461459851e+02 1.007719501464949587e+02 3.052104919609816420e+02
3.162277660168379134e-02 1.190033594624862161e+02 1.047162525376785993e+02 1.378049715923907286e+02 8.658296523223836516e+01 1.902358685019096072e+02
5.011872336272723411e-02 1.191722972972971490e+02 9.632857279075768986e+01 1.562185618243959766e+02 8.076803392125725622e+01 2.272062195292220963e+02
7.943282347242815178e-02 2.653370085256659294e+01 2.477501819764280100e+01 2.856114607179948095e+01 2.360734717342780087e+01 3.028821067012050250e+01
1.258925411794167559e-01 6.353806704385313253e+00 6.233427607188798625e+00 6.478926849200919769e+00 6.160413251547768532e+00 6.559736072591702438e+00
1.995262314968880291e-01 3.278803676836048453e+00 3.233369784383495649e+00 3.325532600715434661e+00 3.224936306680869169e+00 3.334501151366451310e+00
3.162277660168379967e-01 2.490103402785525333e+00 2.457065413880406446e+00 2.524041966246566737e+00 2.453774730057089570e+00 2.527523948863696912e+00
5.011872336272723549e-01 1.941628320292563048e+00 1.916051977812229357e+00 1.967896710088868906e+00 1.914661925996246072e+00 1.969365163434186661e+00
7.943282347242816011e-01 2.091858437538668181e+00 2.057058035373199090e+00 2.127856578282042666e+00 2.056085680677838479e+00 2.128898018086400779e+00
1.258925411794167504e+00 2.194431019574575537e+00 2.146634103384107650e+00 2.244404898524478220e+00 2.146084689123932243e+00 2.245005814464912763e+00
1.995262314968880846e+00 2.832678888090169433e+00 2.766004920019678792e+00 2.902646574565255655e+00 2.764941982080157956e+00 2.903818048141979080e+00
3.162277660168380855e+00 4.488908326034994900e+00 4.348272977882934320e+00 4.638944817008909816e+00 4.345953530561891043e+00 4.641587641945445597e+00
5.011872336272724660e+00 7.176259219552765245e+00 6.888808625487177650e+00 7.488743403263200094e+00 6.882828032725489820e+00 7.495823863938136711e+00
7.943282347242816677e+00 9.332430865304388590e+00 8.835836321813001604e+00 9.888168948983439677e+00 8.829768636775870760e+00 9.895779076118181194e+00
1.258925411794167459e+01 2.721106311213026174e+01 2.466144399423119538e+01 3.034865338869334650e+01 2.460569351417474238e+01 3.043351005565582668e+01
1.995262314968880801e+01 1.366194347876211737e+02 1.010093114020811385e+02 2.110092716831410655e+02 8.636289511569621880e+01 3.267804178049340749e+02
3.162277660168381033e+01 nan -2.093158433736728057e+02 -1.019215871757832304e+02 -3.024519001004570669e+02 -8.863187587568329207e+01
5.011872336272724482e+01 nan -2.899003524011516220e+02 -1.183719813698283758e+02 -4.155178539098794204e+02 -1.053655201274096669e+02
7.943282347242818275e+01 4.701238114298211599e+02 2.156045941086989899e+02 -2.604698315871201885e+03 1.959190762539196555e+02 -1.176540175156396799e+03
