9.899602300693523205e+01
9.813932271521061068e+01
9.856832118252746966e+01
9.920008973223579574e+01
9.837459673635552804e+01
9.833177523425450772e+01
9.827232880751431310e+01
9.930702658443033215e+01
9.887344540212703237e+01
9.899065437850964599e+01
9.787044858056626140e+01
9.881684542287841566e+01
9.859648945172693857e+01
9.817976596271125800e+01
9.905709860274625100e+01
9.926268451344962784e+01
9.851808287493214777e+01
9.813023851453468183e+01
9.800478778732860974e+01
9.760107206714708639e+01
9.700606058248598629e+01
9.805671499739844421e+01
9.818253794210788499e+01
9.808470886087650342e+01
9.687551249145487020e+01
9.925830761179646800e+01
9.795467889341506407e+01
9.871850448310404147e+01
9.795801594007123470e+01
9.842591527708981403e+01
9.916483365770099567e+01
1.008753649114407125e+02
1.009757865046027803e+02
1.000042993605563453e+02
9.999124800987705441e+01
9.991662970024685819e+01
1.032365957450762153e+02
1.000986647523694444e+02
1.005678671529320809e+02
1.029416057116444563e+02
1.005496456014551256e+02
1.019735939302189678e+02
1.011332172232029905e+02
1.003997673706181502e+02
1.020136969497980459e+02
9.987409050578105507e+01
9.930887654036685319e+01
1.007290053215329664e+02
1.014110845061238706e+02
1.003018215193246050e+02
1.017946577632234408e+02
1.008451558405027413e+02
1.002650627890263877e+02
9.998228450781813592e+01
1.019271746940283663e+02
1.014332251372180025e+02
1.021965715043519083e+02
1.005502456739028929e+02
1.013241612620401213e+02
9.937200386092889914e+01
1.014441934050616112e+02
1.001340030877131397e+02
1.012009119879702297e+02
1.006700102694989454e+02
1.000943197216601845e+02
1.018855623379425737e+02
1.011092551282954730e+02
1.000624710291748869e+02
1.011592516707444247e+02
1.003386938165656517e+02
9.976014081032117531e+01
9.967035602244729375e+01
1.009992506615680128e+02
1.014366836303349686e+02
1.004264830035694729e+02
9.913580801358300221e+01
1.009383337400058878e+02
9.981026581608863069e+01
1.014938388144134365e+02
9.963917140014329732e+01
1.022612340103167128e+02
1.011315619217423745e+02
9.924503733151087204e+01
9.871464057780556800e+01
9.879641701561757827e+01
9.474557044014044038e+01
9.541642529839599263e+01
9.366100156572679225e+01
9.392767509854701302e+01
9.422765578328217373e+01
9.508510000969175735e+01
9.482437706398148691e+01
9.457945387099584877e+01
9.810193377122500635e+01
9.779697456307991388e+01
9.953746874792103938e+01
9.770403280848466920e+01
9.758538716931637680e+01
9.834514176039560596e+01
9.809048593798739546e+01
9.772339863029962714e+01
9.780991780438405669e+01
9.677684061419509476e+01
9.515602383451086155e+01
9.885072767257362614e+01
9.923355334190017629e+01
9.687254891622873743e+01
9.668782552762377236e+01
9.775054675154368056e+01
9.908594419055475555e+01
9.774569450481148181e+01
9.794119023440359229e+01
9.827168914498417962e+01
9.648525503914872559e+01
9.780462347692150615e+01
9.620602880994786688e+01
9.772061511701356551e+01
